Измерения 10mm
Шаг мотора 10
212326
212331
212311
212341
212328
212324
212313
212302
212290
212287
212294
212304
212287
212302
212273
212292
212356
212316
212296
212292
212264
212294
212306
212323
212304
212366
212341
212335
212333
212345
212372
212386
212403
212424
212375
212360
212387
212386
212365
212369
212601
213850
216332
218892
220358
221040
221126
221311
221449
221397
221463
221377
221349
221307
220663
218699
214930
213039
212329
212204
212235
212230
212229
212250
212241
1868753
212212
212221
212215
212183
212155
212173
212183
212177
212166
212181
212206
212214
212148
212181
212161
212180
212190
212195
212183
212179
212184
212205
212184
212187
212201
212189
