212279
212257
212279
212285
212244
212256
212250
212241
212234
212224
212234
212239
212212
212224
212207
212235
212221
212216
212216
212225
212246
212226
212249
212249
212235
212220
212255
212230
212246
212246
212246
212232
212276
212236
212281
212277
212350
212372
212519
212817
213018
213314
213637
214388
214902
215754
216693
217678
218774
219547
220340
220726
220775
220553
219911
219008
218257
216856
215768
214859
213912
213392
212930
212597
212666
212451
212428
212337
212264
212229
212243
212239
212221
212196
212237
212212
212204
212219
212199
212221
212216
212201
212208
212199
212184
212178
212171
212206
212204
212202
212209
212189
