212145
212153
212137
212153
212141
212139
212129
212143
212145
212131
212102
212117
212136
212147
212153
212156
212144
212118
212127
212135
212124
212127
212146
212168
212161
212169
212182
212138
212143
212148
212146
212150
212170
212172
212175
212287
212344
212507
212732
212974
213184
213629
213912
214448
215112
215622
216402
217360
218149
218522
218979
219343
219355
218953
218387
217547
216775
216191
215359
214599
214032
213738
213648
213300
212887
212658
212442
212483
212442
212371
212300
212286
212295
212243
212279
212248
212224
212223
212242
212235
212209
212225
212211
212196
212183
212146
212153
212148
212136
212133
212119
212106
