============================================================
РЕЗУЛЬТАТЫ РАСЧЕТОВ ДАВЛЕНИЯ И СКОРОСТИ
============================================================

Коэффициент АЦП: 37.375 отсчет/Паскаль
Плотность воздуха: 1.3 кг/м³
Количество измерений: 92
Формула скорости: V = √(2P/ρ)

№	Расстояние	Отсчеты АЦП	Давление (Па)	Скорость (м/с)
--------------------------------------------------------------------------------
1	-2.8000		N/A		5684.39		5.52
2	-2.7451		N/A		5684.41		5.52
3	-2.6901		N/A		5684.41		5.52
4	-2.6352		N/A		5684.12		5.51
5	-2.5802		N/A		5684.15		5.51
6	-2.5253		N/A		5683.67		5.51
7	-2.4703		N/A		5684.25		5.51
8	-2.4154		N/A		5683.24		5.51
9	-2.3604		N/A		5683.56		5.51
10	-2.3055		N/A		5683.10		5.51
11	-2.2505		N/A		5683.24		5.51
12	-2.1956		N/A		5683.29		5.51
13	-2.1407		N/A		5683.29		5.51
14	-2.0857		N/A		5683.32		5.51
15	-2.0308		N/A		5683.05		5.50
16	-1.9758		N/A		5682.94		5.50
17	-1.9209		N/A		5682.68		5.50
18	-1.8659		N/A		5682.54		5.50
19	-1.8110		N/A		5682.73		5.50
20	-1.7560		N/A		5682.49		5.50
21	-1.7011		N/A		5682.81		5.50
22	-1.6462		N/A		5682.89		5.50
23	-1.5912		N/A		5683.00		5.50
24	-1.5363		N/A		5681.79		5.49
25	-1.4813		N/A		5682.89		5.50
26	-1.4264		N/A		5682.65		5.50
27	-1.3714		N/A		5682.62		5.50
28	-1.3165		N/A		5683.40		5.51
29	-1.2615		N/A		5683.21		5.51
30	-1.2066		N/A		5682.78		5.50
31	-1.1516		N/A		5683.51		5.51
32	-1.0967		N/A		5683.48		5.51
33	-1.0418		N/A		5682.78		5.50
34	-0.9868		N/A		5683.05		5.50
35	-0.9319		N/A		5682.52		5.50
36	-0.8769		N/A		5682.35		5.50
37	-0.8220		N/A		5682.89		5.50
38	-0.7670		N/A		5683.51		5.51
39	-0.7121		N/A		5683.53		5.51
40	-0.6571		N/A		5683.00		5.50
41	-0.6022		N/A		5684.12		5.51
42	-0.5473		N/A		5684.76		5.52
43	-0.4923		N/A		5684.74		5.52
44	-0.4374		N/A		5685.00		5.52
45	-0.3824		N/A		5776.67		6.27
46	-0.3275		N/A		5919.71		7.43
47	-0.2725		N/A		5927.12		7.49
48	-0.2176		N/A		5925.94		7.48
49	-0.1626		N/A		5928.05		7.50
50	-0.1077		N/A		5927.63		7.50
51	-0.0527		N/A		5926.85		7.49
52	0.0022		N/A		5927.04		7.49
53	0.0571		N/A		5928.21		7.50
54	0.1121		N/A		5927.17		7.49
55	0.1670		N/A		5927.09		7.49
56	0.2220		N/A		5927.87		7.50
57	0.2769		N/A		5923.00		7.46
58	0.3319		N/A		5869.00		7.02
59	0.3868		N/A		5692.41		5.58
60	0.4418		N/A		5681.77		5.49
61	0.4967		N/A		5680.05		5.48
62	0.5516		N/A		5680.37		5.48
63	0.6066		N/A		5680.91		5.49
64	0.6615		N/A		5679.89		5.48
65	0.7165		N/A		5680.40		5.48
66	0.7714		N/A		5680.45		5.48
67	0.8264		N/A		5680.19		5.48
68	0.8813		N/A		5680.13		5.48
69	0.9363		N/A		5680.00		5.48
70	0.9912		N/A		5680.27		5.48
71	1.0462		N/A		5680.03		5.48
72	1.1011		N/A		5679.04		5.47
73	1.1560		N/A		5679.04		5.47
74	1.2110		N/A		5678.23		5.47
75	1.2659		N/A		5678.47		5.47
76	1.3209		N/A		5677.89		5.46
77	1.3758		N/A		5677.67		5.46
78	1.4308		N/A		5677.59		5.46
79	1.4857		N/A		5677.03		5.46
80	1.5407		N/A		5676.82		5.45
81	1.5956		N/A		5676.36		5.45
82	1.6505		N/A		5676.31		5.45
83	1.7055		N/A		5676.71		5.45
84	1.7604		N/A		5676.23		5.45
85	1.8154		N/A		5676.09		5.45
86	1.8703		N/A		5676.41		5.45
87	1.9253		N/A		5676.17		5.45
88	1.9802		N/A		5676.07		5.45
89	2.0352		N/A		5676.17		5.45
90	2.0901		N/A		5676.63		5.45
91	2.1451		N/A		5676.60		5.45
92	2.2000		N/A		5675.59		5.44

============================================================
СТАТИСТИКА
============================================================

Давление:
  Минимум: 5675.59 Па
  Максимум: 5928.21 Па
  Среднее: 5716.32 Па
  Медиана: 5682.89 Па

Скорость:
  Минимум: 5.44 м/с
  Максимум: 7.50 м/с
  Среднее: 5.78 м/с
  Медиана: 5.50 м/с
