Измерения 0mm
 Шаг мотора 10
1868921
212455
212455
212444
1868915
212427
212449
212411
212423
212406
212411
212413
212413
212414
212404
212400
212390
212385
212392
212383
212395
212398
212402
212357
212398
212389
212388
212417
212410
212394
212421
212420
212394
212404
212384
212378
212398
212421
212422
212402
212444
212468
1868960
212477
215903
221249
221526
221482
221561
221545
221516
221523
221567
221528
221525
221554
221372
219354
212754
212356
212292
212304
212324
212286
212305
212307
212297
212295
212290
1868763
1868653
212254
212254
212224
212233
212211
212203
212200
212179
212171
212154
212152
212167
212149
212144
212156
212147
212143
212147
212164
3525132
212125
