Измерения 20mm
Шаг мотора 10
212204
212215
212205
212215
212209
212208
212213
212204
212201
212198
212193
212206
212212
212191
212204
212222
212199
212204
212202
212251
212221
212198
212223
212210
212217
212232
212244
212248
212245
212242
212251
212287
212299
212291
212351
212329
212362
212588
1869356
213741
214456
215883
217301
218811
220228
220995
221257
221357
221408
221259
220998
220543
219839
218870
217343
215501
214240
213204
212780
1868947
212353
212316
212280
212273
212273
212268
212296
212299
212293
212284
212258
212279
212266
212264
212256
212270
212281
212293
212286
212289
212264
212289
212265
212291
212280
212298
212271
212297
212279
212283
212266
212277
