Измерения 50mm
Шаг мотора 10
212119
212138
212126
212139
212129
212128
212131
212134
212156
212143
212147
212141
212131
212136
212147
212138
212157
212159
212167
212141
212153
212157
212193
212159
212162
212164
212150
212178
212214
212203
212191
212184
212208
212218
212224
212272
212340
212490
212661
212951
213243
213537
213520
213862
214148
214641
215130
215869
216225
216839
217212
217782
217800
217773
217490
216945
216282
1872020
215207
214697
214127
213644
213487
213213
212816
212565
212415
212208
212172
212058
212037
211997
211989
211975
211946
211965
211950
211916
211945
211921
211976
211930
211921
211928
1868461
211928
211933
211949
211938
211946
211942
211941
