Измерения 60mm
Шаг мотора 10
1765050
212085
212060
212067
212067
212068
212054
212057
212077
212053
212063
212055
212080
212082
212095
212087
212095
212095
212105
212094
212100
212111
212108
212140
212145
212146
212125
212125
212131
212125
1868621
212150
212178
212245
212255
212304
212297
212420
212588
212716
212881
212960
213230
213469
213896
214060
214337
214614
214892
215270
215551
215637
215921
216137
216191
215895
215710
215538
1871439
214743
214227
213968
213518
213308
213154
212883
212541
212387
212293
212293
211956
211950
211978
211841
211849
211808
211820
211804
211763
211767
211763
211761
211718
211740
211716
211725
211704
211713
211711
211722
211718
211728
