Измерения 70mm
Шаг мотора 10
211816
211805
211798
211793
211797
211796
211800
211798
211814
211796
211783
211795
211803
211780
211776
211792
211787
211814
211807
211819
211813
211823
211813
211827
211827
211830
211828
211819
211846
211850
211850
211856
211867
211968
212000
212036
212153
212189
212310
212266
212522
212662
212757
213069
213224
213452
213570
213946
214124
214635
214824
214994
215197
215158
215300
215126
214971
1871263
214895
214724
214480
214224
213871
213593
213136
212898
212692
212514
212375
212285
212146
212114
212172
212004
211910
211859
211859
211799
211788
211777
211776
211782
211734
211708
211749
211757
211741
211729
211733
211730
211729
211704
