Измерения 80mm
Шаг мотора 10
211697
211678
211709
211689
211707
211698
211706
211706
211683
211711
211696
211720
211728
211709
211706
211721
211724
211745
211741
211770
211770
211781
211788
211778
211807
211818
211795
211843
211840
211836
211891
211861
211922
211943
211982
212065
212091
212163
212186
212223
212365
212593
212652
212922
213114
213282
213463
213682
213846
214081
214204
214319
214452
214557
214536
214464
214435
214360
214300
214205
214080
213866
213608
213636
213301
213176
212990
212873
212756
212765
212520
212378
212357
212279
212134
212073
212097
212028
1866901
211922
211885
211850
211832
211781
211801
211789
211778
211792
1868311
211772
211780
211777
